strategic_region={
	id=209
	name="STRATEGICREGION_209"
	provinces={
		636 658 661 663 724 726 729 738 740 747 758 790 794 798 799 809 813 829 832 844 845 854 857 858 871 872 874 875 877 879 884 885 888 889 896 897 899 903 915 918 920 924 931 932 938 939 942 948 950 962 970 977 980 985 1033 1048 1090 1093 1176 1178 1192 1449 1555 1568 1624 1923 1955 1963 1981 1982 1986 2026 2027 2031 2033 2057 2065 2075 2090 2095 2106 2152 2160 2172 2173 2194 2195 2208 2209 3612 3641 3660 3662 3725 3727 3729 3735 3737 3744 3761 3790 3794 3798 3799 3810 3816 3820 3835 3845 3846 3858 3859 3861 3866 3871 3873 3874 3886 3887 3891 3892 3898 3899 3902 3909 3918 3920 3926 3930 3931 3933 3938 3940 3945 3953 3954 3969 3986 4024 4065 4080 4095 4098 4182 4195 4199 4573 4602 4624 4643 4920 4928 4932 4943 4968 4974 4981 4983 4991 5006 5012 5024 5027 5037 5050 5058 5067 5098 5099 5131 5143 5159 5165 5201 5209 5213 5215 5229 5317 6666 6683 6734 6744 6746 6749 6756 6764 6800 6812 6817 6818 6832 6836 6841 6856 6865 6866 6867 6878 6879 6880 6884 6896 6901 6902 6903 6906 6907 6914 6921 6924 6927 6933 6936 6941 6948 6954 6955 6959 6966 6986 6993 6996 7068 7098 7111 7153 7183 7196 7198 7213 7215 7621 7630 7915 7934 7968 7970 7979 7990 7995 8004 8009 8031 8038 8040 8050 8060 8073 8074 8080 8092 8093 8101 8111 8113 8118 8125 8169 8187 8198 8199 8203 8216 8218 8238 8913 9587 9600 9618 9620 9622 9638 9686 9689 9699 9700 9703 9719 9757 9764 9765 9767 9770 9778 9785 9787 9797 9800 9812 9813 9815 9816 9817 9819 9824 9827 9828 9839 9840 9842 9846 9852 9857 9869 9870 9872 9877 9881 9889 9891 9896 9903 9917 9925 9933 9945 9979 10009 10024 10063 10094 10109 10111 10113 10402 10482 10515 10736 10748 10759 10767 10774 10786 10791 10792 10815 10823 10828 10835 10842 10849 10850 10873 10875 10879 10886 10890 10892 10901 10912 10913 10922 10923 10943 10944 10965 10973 10986 11007 11009 11023 11249 11590 11601 11604 11623 11671 11673 11675 11677 11684 11688 11692 11707 11710 11737 11742 11749 11756 11766 11768 11779 11780 11793 11798 11805 11806 11807 11809 11812 11819 11820 11821 11825 11838 11840 11843 11851 11852 11854 11863 11870 11884 11885 11956 12038 12070 12081 12083 12087 12100 12101 12351 12364 12379 12453 12455 12702 12704 12727 12729 12739 12747 12748 12749 12756 12758 12770 12773 12809 12813 12818 12825 12852 12865 12869 12870 12883 12891 12895 12901 12902 12916 12922 12943 12946 12964 12979 13000 13085 13093 13124 13218 13219 13220 13221 13222 13223 13224 13225 13226 13227 13229 13230 13231 13232 13233 
	}
	weather={
		period={
			between={ 0.0 30.11 }
			temperature={ 15.0 15.0 }
			no_phenomenon=1.000
			rain_light=0.000
			rain_heavy=0.000
			snow=0.000
			blizzard=0.000
			arctic_water=0.000
			mud=1.000
			sandstorm=0.000
			min_snow_level=0.000
		}
	}
}
