
strategic_region={
	id=53
	name="STRATEGICREGION_53"
	provinces={
		177 379 1440 1513 1550 2110 2232 2258 2284 2500 2547 2571 2597 2766 2791 2863 2865 2887 2910 2934 3284 4155 4443 4450 4476 4600 4641 4667 5507 5533 5557 5581 5607 5633 5658 5683 5700 5709 5735 5761 5788 5814 5840 7123 7230 7451 7456 7546 7590 7617 7622 9377 10374 10440 10498 11106 11350 12304 12347 13009 13012 13084 
	}
	naval_terrain=water_fjords
	weather={
		period={
			between={ 0.0 30.11 }
			temperature={ 15.0 15.0 }
			no_phenomenon=1.000
			rain_light=0.000
			rain_heavy=0.000
			snow=0.000
			blizzard=0.000
			arctic_water=0.000
			mud=1.000
			sandstorm=0.000
			min_snow_level=0.000
		}
    }
}
