2 5 6282 349 3340 9388 321 
3 5 6282 6334 9334 9361 11372 
5 3 6332 6402 3380 
1 4 6375 11245 2149 2215 
5 4 3522 9375 526 6377 
3 3 6377 6263 6325 
2 5 6389 6257 9347 13087 6325 
5 5 11366 3231 3368 13139 13087 
5 4 6377 3271 3326 241 
3 3 6325 6349 3326 
3 6 11360 11264 9281 11346 6622 495 
2 3 3326 309 247 
5 6 495 6535 9509 405 3395 6377 
2 4 6469 6570 529 11494 
2 2 11494 3423 
3 3 11494 6444 8252 
5 10 6488 1635 8252 11560 3423 9575 11531 11502 11516 5291 
3 4 8252 589 6568 3530 
3 3 11499 9517 3530 
2 4 11499 708 3705 692 
5 3 692 11653 9515 
3 3 3530 6542 6712 
2 5 9655 6934 3679 3692 6712 
2 4 9655 11638 6693 692 
1 3 11499 3690 9655 
3 6 495 3398 9547 3524 1594 1635 
5 4 9515 3299 571 11544 
5 4 692 9652 707 688 
2 4 707 3688 6725 9515 
2 6 11499 9545 11529 4598 7632 11544 
2 7 6488 3397 11445 11417 9572 12823 7632 
5 4 3561 9524 6549 6488 
5 4 3522 6487 425 3561 
5 5 3561 6513 564 11533 3524 
5 3 495 9443 11533 
3 4 6377 11493 3355 564 
3 3 3535 6582 425 
5 3 3535 11481 514 
5 8 3535 6501 538 6524 482 3474 9416 11544 
3 4 11372 11343 9263 362 
1 7 6296 3272 11312 3384 395 2149 6332 
1 4 3320 327 8192 6296 
5 4 758 11710 9689 6734 
5 3 6734 9686 11677 
5 4 11677 11692 6955 758 
1 3 9764 854 9824 
5 7 6906 9896 6817 3873 6966 6812 9764 
5 4 6906 6959 9889 4098 
1 2 4098 10024 
5 5 10024 10109 4065 11956 1176 
1 3 1176 11956 12038 
5 4 1176 7068 7198 4182 
5 3 4182 10009 9979 
5 3 4182 13231 7183 
5 2 7183 1048 
5 4 4182 7198 6744 875 
5 3 7183 1178 875 
5 6 9764 6812 6966 13223 3954 3816 
5 4 3816 9813 11821 915 
5 7 3938 9767 6993 9785 11766 813 3816 
5 7 3816 6878 6903 3902 11852 13233 740 
5 4 885 11852 13233 740 
5 5 3938 3794 9800 9846 11825 
5 4 11825 6936 903 885 
5 6 11825 4024 3920 726 3729 11707 
5 7 11677 11840 3725 3727 3918 918 11825 
1 5 11707 6749 9703 11688 740 
5 7 7183 4080 11749 6954 931 9925 13230 
5 6 13230 9839 9917 11820 896 3938 
5 8 1176 4095 12083 9828 9778 13229 13224 3938 
5 4 11825 9846 13232 6867 
5 5 6867 13221 11756 9839 13230 
5 4 10024 1093 9903 832 
5 4 4098 1093 11884 832 
5 5 832 942 9757 6914 3938 
2 4 875 3871 3810 6948 
5 5 6948 985 11780 6866 13230 
5 6 6948 6832 6800 13229 13224 3938 
5 5 3945 6879 9852 6914 3938 
5 6 6906 3799 871 7213 11737 3816 
4 8 241 11360 11318 9335 6286 6241 391 9498 
3 4 6469 3512 9363 6241 
2 3 391 68 3314 
2 2 6286 6336 
2 4 6583 11435 11470 11494 
3 3 587 3547 11494 
2 2 6583 9559 
3 7 11548 3536 11483 3576 516 13195 3516 
3 5 485 6569 9534 5202 11506 
3 3 11420 9500 11548 
3 2 11563 9434 
2 3 11563 9578 3549 
5 8 11549 11518 11506 2210 9523 6547 11463 9492 
5 7 527 11508 9525 6572 10846 3552 10494 
3 4 11465 503 9478 9492 
3 5 11465 9510 6536 542 3552 
3 5 6657 655 3659 11613 9478 
2 5 620 3626 651 9629 11631 
5 12 743 9710 6777 9737 8075 11565 9597 11582 629 11596 3671 9492 
3 5 6766 11702 6775 11720 8075 
2 2 740 6756 
3 5 6766 3749 11699 11697 743 
2 6 6766 11702 6775 9734 9751 620 
3 4 6766 943 9723 6960 
3 4 6960 9898 11877 958 
2 9 11720 6792 3598 620 3621 6648 11576 9607 9609 
3 7 6960 6962 11709 3754 769 9748 3594 
2 3 6698 9658 6531 
3 4 11560 3558 549 1346 
3 12 11502 3629 1346 521 698 6698 9642 817 3652 648 11794 6613 
3 5 11420 454 3402 11549 13011 
5 8 9559 5291 6545 11732 551 6949 13086 11506 
2 5 3589 6784 6609 9745 6780 
3 5 6788 771 9741 11730 6780 
2 5 6780 11730 9741 776 3780 
3 4 6788 3773 6790 3780 
2 4 9665 3703 9681 9515 
2 4 9665 11651 704 11666 
1 3 9648 6690 11666 
1 5 11666 6690 9679 6687 3673 
1 4 9648 9679 9650 3684 
2 7 3673 3674 6673 3657 6656 9900 11584 
5 6 9627 599 6626 628 9900 11584 
1 5 3673 3674 6673 11595 6626 
5 3 688 3684 9665 
1 4 673 11634 3675 688 
2 4 603 3604 6995 11584 
2 3 3776 773 3780 
5 7 603 9598 11598 9630 11618 673 9652 
5 4 603 3776 11734 6606 
5 5 6606 6793 9582 6995 11584 
3 4 3780 6790 9752 6606 
2 2 6606 782 
3 4 782 9924 967 925 
5 14 958 11713 762 780 3589 6613 11593 3594 9609 11611 6688 3493 11631 3671 
5 4 9907 1616 6985 6606 
5 5 9907 9879 9750 6862 11751 
1 5 925 6926 9794 9904 5056 
3 3 6831 9838 925 
3 4 11837 9784 6843 883 
3 4 883 6939 3966 6831 
3 3 819 11803 883 
5 4 11846 923 9826 819 
5 9 9990 12066 3901 10027 3968 851 955 819 12476 
1 2 11998 11837 
2 5 12066 12098 10027 9856 11837 
5 5 10074 3857 1156 4159 9990 
2 5 11773 11874 11824 9772 6891 
2 4 6296 6360 6229 9483 
5 9 3288 9499 9731 9483 6342 6222 12954 5169 9340 
5 5 3320 9295 11342 11358 310 
3 4 310 7482 10323 9340 
2 3 3583 9457 11467 
1 3 11666 6739 9692 
3 6 9692 541 3484 11539 9551 9567 
3 4 11539 581 3550 3581 
3 6 9692 541 11679 6561 9690 716 
5 7 11666 3700 6720 9676 11663 5088 9660 
5 11 9627 6650 3654 11581 9611 3670 682 6703 4942 10855 9660 
2 3 9648 9646 596 
2 4 3654 596 9646 9648 
2 6 619 3623 6670 11625 8024 9660 
5 5 11581 624 9595 6647 619 
5 4 11586 11580 3617 619 
2 3 9606 11787 3617 
2 3 3601 3592 11581 
1 4 6626 11735 11564 3601 
2 7 3601 6611 984 3974 3924 11816 6889 
2 4 3882 11832 9906 9602 
2 4 9602 6634 11583 11586 
5 4 3882 3833 3526 11818 
5 9 4109 3988 1109 976 863 6930 3844 10163 11818 
2 5 9602 11887 11868 5094 949 
5 4 3937 3908 10755 949 
3 4 11905 9862 6923 3937 
2 4 657 6677 11603 9617 
5 9 9548 6761 744 3741 6747 9701 11652 9651 3663 
2 8 9606 3649 11657 3645 637 3639 3636 9617 
5 9 3663 660 6695 6709 11639 676 11622 693 6711 
5 3 6711 3709 3696 
5 6 3696 11644 699 6716 716 9660 
3 3 746 713 3696 
3 5 3581 6586 11691 3548 746 
1 5 3288 6314 9262 11246 6342 
5 5 3288 348 11021 2215 6332 
5 6 4640 11443 11127 11426 3152 8251 
3 4 11105 6108 9194 3083 
5 5 9206 9100 3060 3151 8161 
5 5 9206 6082 11056 9183 9073 
5 4 9073 67 6144 11105 
1 4 11370 277 6340 3320 
5 6 362 3380 3351 6347 6321 9290 
5 13 6558 17 11515 493 9508 3482 467 3458 3559 11399 6580 536 11479 
1 4 6558 388 11232 279 
5 3 6464 13205 9427 
5 3 6464 9567 3583 
5 6 3434 6522 6499 442 11413 9427 
3 6 11479 9558 422 11441 6546 3392 
5 5 3392 9544 402 524 3544 
5 3 3501 13070 11333 
5 5 9458 507 5146 6103 5171 
5 7 540 3463 9484 6351 11471 9239 5146 
2 4 9297 6270 6221 3369 
1 3 3369 7239 9297 
5 5 271 221 11374 5171 11333 
2 3 9297 11345 9315 
3 7 9315 11382 364 9322 296 11253 11374 
1 3 3369 6378 377 
1 6 377 3241 6301 3301 3205 6384 
1 4 9315 11382 9269 11297 
1 5 6384 6335 6399 11332 11218 
1 4 351 11299 11378 9392 
1 5 11218 9350 9237 6395 3273 
1 3 9392 9383 3273 
1 5 3273 9383 6300 3150 11136 
1 5 3273 9383 159 11306 9075 
1 4 3379 3242 3359 11293 
1 3 3379 3242 385 
2 3 3392 11247 11301 
2 6 11301 11357 11386 266 395 11021 
4 4 3393 13206 347 11301 
5 3 3320 9274 3393 
5 3 9304 9236 11370 
5 4 347 318 3309 9304 
3 4 3559 3521 12562 6521 
1 7 310 6459 3219 6326 6249 9323 11241 
5 5 11234 6293 323 11241 11220 
5 9 11202 11097 3053 6139 181 11080 2199 6174 8161 
5 9 8161 79 6197 117 11109 9212 6225 248 11234 
1 6 11349 11326 366 3358 11282 6380 
1 5 11349 6264 3235 9287 11234 
5 4 11370 294 11322 3331 
5 4 3331 11220 11290 306 
1 3 3331 9241 11241 
1 2 3331 9289 
1 8 9096 6151 9036 3094 9204 4892 4526 1887 
1 7 122 6145 9170 3059 11037 27 9157 
1 9 6038 8056 1937 3022 9139 11206 9227 11028 9157 
5 3 11068 9197 70 
3 14 3189 9195 94 6021 11175 155 11092 3033 9118 11159 3084 6057 11153 11059 
3 9 3189 86 3008 9162 3121 6181 9201 11117 3134 
3 8 11105 9129 11172 3025 6138 9038 6013 3122 
3 5 9073 11138 9056 9163 141 
2 6 415 592 9485 6408 308 11291 
5 10 306 3362 6387 9272 11254 335 401 3327 3391 6380 
3 4 11370 216 386 3350 
2 2 6373 3350 
1 3 6373 6344 9288 
2 3 9289 3378 6373 
2 6 6373 6319 9249 3507 9568 3543 
5 9 6580 422 513 572 6557 6509 3511 3570 6593 
5 7 11479 491 11427 438 462 6429 476 
2 4 476 11464 11514 6593 
5 5 11479 6483 11411 11550 9548 
2 6 476 9423 9576 754 741 11670 
5 8 476 9481 11490 504 5118 525 650 11557 
5 10 12930 3686 705 3722 568 737 3573 588 11405 11437 
5 4 11437 6423 6451 3452 
5 6 11437 453 472 3449 3466 6474 
5 5 6474 6493 9430 9417 585 
3 5 585 3587 3765 3752 3734 
1 3 3734 3760 719 
1 3 3672 3682 3668 
5 6 3668 4463 7624 4458 7495 7661 
2 6 3653 772 654 9626 1530 1599 
1 10 1599 12380 12320 6997 4660 9715 11704 12434 1536 7661 
2 13 3672 670 9628 11614 685 11633 714 11678 11696 9726 9742 775 3587 
5 10 9417 11434 11450 11459 11476 9565 6591 11412 11475 3527 
2 6 6474 3479 502 6530 3531 418 
2 7 3527 9552 9489 11439 3409 9556 418 
2 5 418 9449 3492 558 3580 
2 4 11504 3557 11397 418 
3 6 11504 559 9519 11530 9543 11557 
5 3 11557 6458 11489 
2 5 9288 546 9506 3480 11489 
5 7 11489 6508 9566 3225 288 3306 3335 
5 9 3335 6252 11284 11235 11300 3263 6348 6414 6380 
2 4 3580 9260 9328 9355 
2 5 9355 9411 11242 3292 6262 
3 6 6262 6396 6290 9348 6414 6380 
5 4 6398 6341 413 3527 
5 4 6398 6230 6279 3356 
5 7 3356 9330 11268 9282 9348 6414 6380 
5 6 3578 3426 9460 433 11408 9422 
2 7 6398 6369 9339 9312 11436 471 9422 
2 6 121 252 6356 9278 9378 6380 
2 7 121 9122 11099 2 9168 2996 9131 
5 4 3140 11174 70 11059 
2 9 3140 172 9107 3163 11083 81 9207 11189 9131 
2 3 11344 3303 11375 
5 11 6380 301 3290 9235 11217 214 3339 6362 6410 9407 11344 
5 7 9422 313 3304 6353 6382 9409 9258 
5 6 9258 9286 6391 11262 11394 11344 
5 9 11344 11277 3352 6374 6253 9373 11356 11243 6338 
5 11 9258 9286 11269 3317 286 3276 6302 6226 6275 9243 11225 
2 8 11225 11348 393 3357 3330 6515 9420 12128 
5 8 11225 11377 11256 3265 4324 4283 1305 1278 
5 6 1278 12117 10142 10329 12157 9292 
5 4 9292 1233 12287 10133 
2 7 12128 3563 4322 1254 4294 7370 10253 
2 7 7243 4300 4374 4227 1314 12294 10253 
5 7 6338 260 9336 3251 3300 6388 6278 
5 11 6278 7403 206 1380 10286 10314 361 3280 7320 10133 1821 
2 4 7375 11228 237 3280 
2 10 7375 11352 7346 12203 9293 370 3027 3139 272 6124 
2 13 9131 2996 11143 143 3135 9200 11075 73 3066 3103 6089 9214 6124 
1 5 7477 7563 4599 12491 12333 
2 5 1821 9553 1543 10189 4824 
5 3 9292 1327 1292 
5 4 11366 332 399 3277 
5 8 1292 1775 1294 12521 4780 7800 1709 10696 
2 8 4824 7846 7774 3472 10600 12652 4700 10696 
5 6 10696 12679 1733 1860 7825 7274 
2 9 1459 10148 10366 12397 7597 12329 7657 7600 7243 
2 5 1459 11687 7682 7501 1554 
1 6 12333 8099 10414 1649 10470 1554 
5 8 7274 4866 7757 12631 7886 10712 10639 12691 
5 8 12691 12621 1876 1813 10549 10661 12540 4797 
5 10 4797 1762 4837 10528 4766 12507 7860 10683 7786 4677 
5 9 957 6989 11750 6684 664 6686 11643 10466 12189 
3 6 7642 4434 4621 1425 4406 7381 
3 5 7642 10135 12293 4390 4608 
5 5 12299 4424 7427 4412 10297 
5 18 10297 1376 12215 7342 1291 12144 7236 4371 1337 4312 12201 1281 1308 4388 12220 12122 1427 7408 
5 16 7408 10250 10221 12173 10411 7572 7353 7492 1488 7675 12317 7441 1417 12127 4994 1330 
1 3 12127 4336 1403 
5 10 9991 1142 12090 1014 1333 10344 10283 10154 8121 1330 
2 5 1417 12256 4626 4585 1492 
1 5 1492 7469 12464 1082 4425 
1 2 1185 4075 
1 13 4075 12075 10075 12319 1522 4501 7446 1319 4559 7965 12898 10863 4425 
3 2 1182 9998 
2 3 9998 7157 7087 
2 3 7087 12097 10125 
2 2 7072 11960 
2 5 10125 7187 4172 4142 11960 
2 3 7072 12031 7212 
2 3 7212 11946 1092 
2 3 1092 10052 11985 
2 2 11960 1136 
1 2 7072 1136 
2 8 1136 9985 10055 1167 7145 1191 7050 11985 
2 2 1025 7110 
1 2 7110 9950 
2 6 4102 1183 12006 11925 4164 7110 
1 2 11985 1025 
2 5 11960 4142 4172 7102 10032 
2 7 1182 4188 4100 7016 4118 1024 7169 
2 4 7169 12056 3848 6994 
2 6 1117 11930 4067 1063 9865 6994 
2 2 12007 1117 
1 3 12007 10128 10032 
2 5 10125 7187 10015 11989 12007 
2 5 1182 1097 11908 11989 12007 
2 3 3962 7532 10444 
1 3 10444 10512 12421 
1 3 6994 9859 3962 
5 4 4056 4086 1081 11977 
2 4 11948 10110 4126 11977 
5 4 11977 7204 7221 7125 
2 5 7125 9981 848 10083 6928 
5 5 7125 12040 11915 10065 4052 
5 5 4052 9790 912 11835 6981 
5 6 6981 3970 3839 3895 9885 11771 
2 5 11771 987 9781 11764 964 
1 4 964 3783 6851 1150 
2 3 9843 11761 10068 
5 10 11771 6951 11815 9835 6837 11886 3900 1052 12043 10068 
5 6 10068 9969 11996 11980 7189 1069 
2 5 9843 4140 12026 7109 4190 
1 5 1069 12045 4071 7089 10000 
2 4 1519 4538 12062 4190 
1 3 9843 9776 952 
5 4 1069 4037 10043 7025 
5 9 11913 1146 10008 7094 11916 10040 9995 7085 7025 
5 4 10076 7120 996 11913 
5 6 7191 4042 12076 7014 12052 10076 
5 5 9974 7058 1096 11991 7191 
2 7 4190 1188 1169 4144 1139 9958 10364 
2 7 10364 12012 7568 7580 9934 7167 4619 
5 5 4619 4631 9999 7097 10517 
1 3 10062 7108 1047 
1 6 10364 4066 7656 10098 4010 7025 
2 5 12068 1091 11959 7214 7186 
1 4 1047 12095 1120 9970 
5 8 9991 12010 11968 11929 4616 1609 10077 4245 
1 10 12335 4454 1581 1553 1525 12366 1497 12423 9993 11929 
1 5 12338 10389 7565 7662 4644 
1 6 1525 7455 10349 10389 10443 4616 
2 4 4516 4544 7537 7593 
1 7 4245 4062 7220 1444 12035 12307 10471 
5 5 4245 4062 4104 1101 10060 
5 5 10060 10116 12462 11978 10001 
5 5 10001 10255 4237 1228 7340 
1 5 7340 4280 12114 4472 8087 
5 6 10278 12180 10152 1430 4321 7340 
5 4 10278 7436 1268 10246 
5 3 10246 4416 7265 
1 4 10278 1344 12734 8011 
1 5 10246 4416 1409 7288 1321 
1 8 10278 1344 12734 10808 8067 7363 10274 7447 
1 4 7447 7391 10190 7244 
1 4 8011 8100 10208 4278 
1 4 8011 8100 4414 10756 
1 4 10756 10259 5104 8087 
1 6 10278 1344 7310 12779 10296 10756 
1 4 10756 10259 5104 1359 
1 3 8087 10324 1359 
1 5 1359 12142 4353 10270 1349 
1 8 4278 12105 7250 12295 10210 12182 12269 1349 
1 6 1349 7013 4187 7150 11952 9975 
1 5 4516 1569 2005 7938 5040 
5 3 5040 5055 12137 
1 4 5040 4045 2036 12137 
1 3 4516 10751 9973 
1 4 9973 4299 1377 12137 
5 4 12137 5086 10794 2086 
2 6 2086 2032 10729 12822 12005 10887 
1 7 2086 12868 2002 10772 10066 9084 10887 
1 3 10887 9084 8007 
5 3 3456 10108 4110 
1 3 4110 7084 10735 
1 3 10735 8098 5105 
1 4 10735 1971 10898 8007 
1 4 10887 4979 8022 12763 
1 4 9975 1144 7207 4132 
1 9 4245 4062 7220 1059 1538 10428 9946 7574 10401 
1 5 10401 12420 4557 4883 10030 
1 6 1349 7013 4072 7060 7430 10030 
1 6 10030 4950 11995 4953 5096 5040 
1 3 7260 7344 10201 
1 4 5105 8013 12761 5075 
1 3 8001 2089 8085 
1 4 8001 2004 7994 2097 
1 4 2097 3795 1600 10106 
1 5 12473 7140 1056 4550 4111 
1 2 4111 792 
5 3 4206 1201 1065 
1 4 1065 7170 1074 4111 
1 4 11976 4591 4574 7151 
1 4 4111 1074 7170 7151 
1 3 1065 7170 7151 
5 7 4206 4088 4161 11979 1155 12049 7011 
2 4 4345 4417 10320 7433 
2 10 7433 1284 12291 4362 7379 4432 1424 7304 7644 7361 
2 8 4345 4417 10320 10174 12221 1282 4342 4285 
3 3 4345 4270 3778 
2 10 4345 4270 6625 3605 11567 9580 6797 3775 3763 11695 
2 6 9724 11669 6769 9684 11685 11641 
3 6 3778 3635 3661 9634 6676 6510 
2 13 6510 9467 12278 12582 602 777 10718 4775 7899 1769 4875 4426 4872 
2 12 6510 9480 1299 4869 1782 10718 7794 13094 11571 4875 4426 4872 
2 3 12603 10611 4739 
2 5 4739 9669 6726 515 3010 
2 7 4872 12688 3721 12593 12663 3481 4739 
2 5 12603 1788 3721 12688 4872 
2 5 12603 10611 11440 10684 7787 
1 7 7787 4765 4877 4343 7853 1858 1408 
1 8 3010 6754 1347 7761 1737 7853 1858 1408 
2 4 1408 4428 10157 7315 
3 3 7315 12214 10327 
2 4 7315 7386 10271 12211 
2 2 12603 4759 
2 4 4759 10709 1752 3719 
4 4 3719 10618 6752 1866 
2 2 9450 12357 
2 8 12357 9657 926 1760 10526 3699 1719 1866 
2 6 1866 4807 4664 10341 12456 12357 
2 9 9450 12368 6737 11589 1560 10341 4664 4807 1866 
1 7 9450 6713 11641 695 691 11656 6710 
2 7 11654 749 11695 722 9711 9724 6710 
2 4 689 11637 9654 6713 
2 4 689 3685 9825 6890 
2 5 6890 882 3687 6707 11654 
2 4 6732 3906 11830 9832 
2 8 3878 6911 3806 11665 10381 11662 7345 4345 
2 4 9832 6909 9847 3878 
2 2 3878 6882 
2 3 6882 3863 6845 
2 3 6845 3824 6984 
3 2 6984 3957 
2 5 3957 873 3823 11841 10412 
2 8 6845 6869 11785 9804 847 3850 880 11800 
2 4 6855 827 9808 11800 
2 11 9450 6713 9653 870 11791 3872 659 3853 6874 9808 11800 
2 6 1595 9796 831 11776 11760 6855 
2 2 1595 4527 
2 11 4527 4601 9775 9760 7528 3975 801 9923 6823 6929 3957 
2 5 3513 12183 7865 12553 9616 
2 6 1866 9880 7536 12577 12646 12586 
2 9 9450 12312 11589 10478 7306 12418 11788 10666 12586 
2 6 12586 7852 3855 3613 4760 4723 
2 9 9450 12368 6737 10393 7539 1586 1678 9892 12586 
1 6 1595 4531 4437 10461 9682 9450 
2 8 11654 734 3733 3702 9708 1436 9693 3806 
2 4 6696 1881 10448 1595 
2 4 6696 12709 12568 9727 
2 3 4527 1445 9727 
2 4 1572 12381 1480 11975 
2 6 1843 9834 10489 866 12439 1572 
2 3 1572 1584 7388 
2 6 1572 12353 1433 12470 10492 12384 
2 3 12735 7422 492 
1 4 12384 7583 860 492 
2 3 492 10520 7480 
2 3 7552 7524 4464 
2 3 7552 1453 10449 
2 4 7552 1453 1643 1528 
2 5 1528 12401 6968 9829 3960 
2 4 3960 10861 10504 10337 
2 6 10337 1500 12313 4507 4535 7552 
2 5 10337 12410 4884 2042 6785 
2 4 10337 12341 1927 12782 
2 5 3960 7981 5022 1927 12782 
2 3 6785 12369 5015 
1 3 5015 10769 12835 
3 5 12782 6987 5061 2060 12835 
1 2 8097 10740 
2 3 12835 7973 8003 
2 3 8003 10916 10830 
2 3 10830 12745 8097 
2 6 12782 2019 12728 5038 10894 10740 
2 4 5021 2083 12721 12835 
2 3 1965 2011 4956 
1 2 4956 5021 
1 4 4956 2083 1952 12721 
1 2 4956 10172 
1 3 10172 2008 2011 
1 4 10172 12804 10853 8003 
1 4 1965 12755 4887 13089 
2 2 3834 853 
2 5 3834 7920 5044 12791 10740 
2 4 4908 4977 1945 8057 
2 5 13089 12746 12873 10895 8057 
1 3 8032 2051 13089 
2 4 12753 8236 10773 12810 
2 3 3960 9829 5001 
2 6 5001 7485 12458 12489 4444 1646 
2 3 7202 1547 11975 
1 4 10412 3925 11738 788 
2 4 7202 10029 7012 4491 
2 7 12384 638 10394 1485 4653 4491 7138 
1 9 7202 7012 7134 11927 7083 7045 11783 6943 788 
1 4 1132 4168 6943 788 
1 4 7138 7083 12054 1132 
1 5 10412 9931 12445 10081 7138 
1 3 4464 7668 7480 
1 5 3957 951 11873 10343 7646 
1 5 7646 7466 4627 12637 9727 
1 3 9727 1582 913 
1 7 7622 10498 7451 10374 4476 7546 1550 
1 3 913 7791 10909 
2 3 12384 5090 10909 
1 4 12735 12803 968 10909 
2 4 12735 10192 10824 12501 
2 4 12501 1987 10615 7797 
1 2 1646 7797 
2 5 12735 1587 10753 7464 7797 
2 4 10449 10410 4510 1646 
2 4 6696 6974 12670 12501 
2 6 1595 12437 1604 7626 12305 4569 
2 7 4569 12305 10457 12497 7611 9682 9450 
1 4 4569 1621 12361 10717 
1 3 10717 1564 1534 
1 5 4569 12346 12463 10370 1534 
2 5 4569 4449 4540 4625 7797 
5 11 6464 506 584 11428 493 11515 243 279 3324 389 362 
3 5 9508 548 3230 3295 3324 
2 10 9450 12368 6737 10339 1527 4590 7449 7607 12361 10717 
1 7 1866 9880 1867 12667 12620 3750 1747 
2 8 4723 10640 10711 1815 12651 1851 12585 4860 
1 3 4860 10593 10624 
2 4 12211 3513 4328 4274 
2 5 3588 6665 3471 10151 4274 
2 4 4274 4347 4331 3588 
3 3 3588 9697 9713 
2 4 9671 3677 6699 9713 
3 5 9713 6699 6694 6876 4518 
2 4 4518 9911 941 10387 
1 3 10387 10483 9814 
1 4 9814 11757 7517 1562 
1 3 1562 12374 7986 
2 3 7986 8115 853 
1 4 10387 12303 4727 7986 
2 7 10327 12673 12124 3781 6742 7779 4860 
2 11 4860 12572 4857 7880 1767 6722 12566 1836 4772 1752 3719 
2 4 10624 4863 7883 4759 
2 8 10327 1690 1832 4838 1854 1857 10593 10624 
2 5 10717 7834 1352 7892 4740 
2 4 1534 9802 4811 4740 
2 3 1534 2043 1806 
2 6 3960 2082 8025 5103 1618 1806 
1 3 1806 7904 10798 
1 3 10798 11802 4740 
2 5 3960 9920 5085 3875 3972 
2 3 10798 10702 3972 
2 5 4740 11802 7762 2055 3972 
2 2 3972 9908 
2 5 9908 12624 4586 10340 4740 
2 6 9908 12893 10867 8070 3867 10740 
2 4 10740 12791 3883 4975 
2 3 4975 10642 12627 
2 5 4740 10340 4586 1738 12627 
2 3 12627 10588 1827 
2 10 10717 7834 4757 12513 1753 10532 4871 12570 12642 1827 
2 9 10717 7834 1352 7892 12024 4814 4586 1738 12627 
2 3 1827 7780 4723 
1 3 853 1793 11814 
1 4 11814 4799 4657 10387 
1 4 853 7747 6897 10573 
1 4 10573 10645 12552 4975 
1 4 10573 7821 12765 11814 
1 9 12627 9792 868 1658 6887 1756 4742 10662 4865 
2 8 4865 10651 12573 12699 850 4799 4657 10387 
3 9 4865 10651 10591 7827 4736 10422 11698 710 9713 
2 3 4865 10582 12535 
2 4 12535 1789 10556 9616 
2 6 12535 7888 12633 12561 10640 4723 
1 4 1814 4804 12617 12604 
2 8 1814 4804 12617 7783 1713 7887 1565 4543 
1 4 1814 4804 7692 1801 
2 4 2197 5195 2203 2211 
3 5 7798 4776 12932 12924 12910 
3 8 7798 12576 7755 1667 10455 10682 12435 12406 
3 10 7564 7535 7522 4481 12308 7651 10487 10460 4560 7566 
1 5 7669 1431 12104 1454 1478 
1 2 10447 4589 
2 7 4604 4589 7594 1542 1529 5156 8181 
1 4 8181 7553 10947 10513 
1 2 10513 5112 
1 4 10513 10432 5172 10980 
1 5 10980 8190 12996 2153 10999 
2 4 10980 12334 8148 7476 
2 7 10947 12972 5186 12937 2181 10959 8189 
1 3 12977 7636 5186 
1 2 10946 8143 
1 4 10998 5182 10967 5168 
1 2 5168 2227 
5 3 4696 12547 12589 
1 2 2229 10963 
2 4 10963 7605 5203 1509 
2 2 1509 10697 
5 3 10697 4822 4696 
2 4 1468 4556 12648 10400 
3 3 5231 12648 10400 
2 2 10963 4879 
2 4 10929 1874 12963 8214 
5 4 8214 10668 5231 10697 
5 6 8214 12963 1874 7872 5199 12504 
5 4 10968 12925 5117 12775 
2 4 2196 8205 12911 10932 
2 16 8144 10932 2206 5196 1939 10962 5160 12929 8223 2096 10877 12800 12887 1914 12806 7925 
5 6 1151 12071 1064 11999 10844 8105 
2 9 12806 12881 2046 2003 12725 5219 7550 4910 10844 
5 8 11969 7180 1046 4163 1160 7081 12051 9976 
5 5 7132 11923 12760 9964 1145 
5 9 7132 4150 7008 12018 13333 7958 4933 7908 8046 
5 7 7132 4116 989 1111 4097 11987 7100 
5 3 7100 10070 7069 
5 4 7069 10023 4139 4108 
5 6 4948 12710 8015 2012 4957 1909 
1 4 4972 1969 2025 12900 
5 8 6464 11467 9511 6462 9570 3545 11414 11401 
2 4 3458 6416 11430 9427 
2 4 13087 9320 11305 321 
2 4 3522 9238 9294 11305 
1 3 3522 9238 9294 
5 7 2086 2054 1908 4984 10847 1980 4110 
2 7 2086 2054 1908 4149 12886 1103 9975 
5 9 5040 7938 10332 10471 1637 12452 7593 4644 10077 
5 3 3583 3414 6562 
5 6 11666 6739 3718 557 3569 6562 
3 5 11542 9429 583 421 6562 
2 3 1965 8089 12810 
2 4 4908 10765 8012 3834 
2 3 7859 12435 12406 
3 9 12406 7520 10388 4478 4658 10500 12451 10430 7564 
3 4 12910 10925 5225 8186 
1 9 12406 1537 10427 12377 11019 2114 8249 5211 5225 
3 13 8186 10927 8165 5197 12948 2191 10969 8200 10949 1526 10983 2157 1652 
1 9 6928 3981 3852 6922 959 6822 898 6944 9897 
1 9 10433 9782 10503 12482 11906 6811 810 3977 957 
1 7 957 3977 810 6811 9766 973 9897 
1 8 4572 7663 11864 9913 9928 11893 6964 9897 
2 5 11771 11808 916 4642 4572 
1 4 4572 4503 7652 10433 
2 3 10433 7582 4506 
2 9 4506 12485 4876 10638 13150 4745 7743 4719 4677 
2 7 11771 846 9831 930 4633 4561 4506 
5 7 4725 10655 7801 12678 12261 4805 12189 
5 9 4725 7763 12657 10678 7851 12543 10559 7725 4677 
1 5 4506 1588 12618 7832 4725 
2 4 3585 6470 11404 3474 
2 3 9315 6318 6384 
2 5 9315 9379 9332 11270 351 
5 3 9976 12034 9943 
3 15 11408 9564 3539 11485 9436 3582 9504 8176 10961 8222 8215 11474 2161 3529 8176 
1 4 11752 7674 1489 952 
1 3 1052 900 6969 
1 3 6969 3955 952 
1 4 3992 4083 7172 7199 
5 3 6747 723 3707 
5 3 3707 11686 754 
5 6 754 3757 3575 6597 409 3452 
1 4 6344 9371 9396 11230 
3 6 3122 11065 3172 66 195 11121 
3 5 9206 11162 3050 6150 3187 
3 12 3187 3030 9061 3068 9169 193 6146 11079 9233 9106 6212 11121 
3 5 141 6078 9104 3125 6146 
1 4 9056 11033 3119 6138 
3 5 11125 11164 11081 158 11121 
5 8 3668 6701 700 6748 3726 6758 11706 9753 
5 11 11460 11395 6575 11484 3503 6516 6486 9455 11429 6620 9753 
1 6 10364 1004 1603 5092 7406 7418 
5 10 10137 10309 4379 1302 7280 12297 4397 10016 11936 1185 
5 22 10137 10180 1328 7380 12109 10162 1285 12204 10232 12232 4401 1396 1423 12288 12260 4639 1324 4302 4251 10293 7225 7408 
5 5 13315 13262 8061 8077 9943 
5 5 13263 5035 13266 4970 9943 
5 5 13263 2049 12842 13264 12018 
3 4 546 3568 489 12978 
2 10 3557 3455 3520 11526 3580 457 3554 9579 6477 413 
1 4 11230 3278 3210 306 
5 9 3578 11523 11460 499 9447 3406 545 6525 6486 
1 13 9753 11736 3622 11578 615 464 3618 9453 11591 12235 1247 4254 10253 
1 3 9628 11609 1530 
2 11 3726 742 745 3746 11724 6794 3413 481 3475 498 8222 
1 6 3746 11693 11690 6702 9647 9628 
5 11 737 3755 11683 11546 3403 3452 488 11454 3494 2169 525 
1 2 3457 6429 
1 6 6249 9386 9353 6242 11392 11097 
1 9 3358 11250 6245 6022 85 150 11131 3085 81 
1 9 94 9045 9055 11038 3092 9248 3168 312 3338 
1 9 312 11171 3065 3064 11061 6193 9213 186 108 
1 8 108 99 6121 11203 7318 12587 4314 4802 
1 5 4802 12187 12527 1754 7375 
1 6 6388 9385 11389 6352 298 11256 
1 9 12157 1334 7328 10256 4215 10224 7313 4394 10253 
1 10 1775 12185 7357 1363 10312 10168 10140 12198 12227 4394 
1 9 9407 6343 6284 11363 275 11227 9245 9394 6398 
1 5 9680 9677 6704 3686 12930 
1 10 252 3240 11338 6269 357 3268 6392 6295 9389 11375 
1 4 6269 280 9311 214 
1 7 6380 6283 11236 9046 9144 6203 150 
1 7 11687 1919 1216 10671 1573 12161 1649 
5 7 10627 10597 12649 10623 1798 4732 4801 
5 5 10627 10646 4690 12563 12691 
1 8 772 11599 11617 11647 9663 3698 717 719 
5 6 1145 11939 7166 4046 10078 12051 
5 4 7100 4084 1207 8046 
2 9 12941 8164 10928 12991 5065 12840 10818 10891 1966 
1 4 10775 4995 2063 8164 
1 4 10775 13241 8036 5010 
1 6 12766 13257 7944 13253 5097 5010 
1 5 8124 7980 13250 13248 5010 
1 5 10833 5068 12714 13247 8036 
2 6 8144 2176 10988 1846 10930 12504 
5 7 2050 10919 1951 12785 10862 12742 10803 
2 3 5117 8193 2192 
2 7 10877 10908 1953 2034 6027 12808 2073 
5 11 6039 9137 11194 8078 1974 5084 10857 8052 10827 2016 7925 
1 5 8078 12830 11012 6008 3109 
2 4 12941 10976 5210 5196 
1 4 5010 12856 2009 12800 
1 3 1492 10386 12335 
1 2 10106 3916 
1 3 3795 12413 1631 
1 4 1631 4440 1544 4574 
1 8 10106 1938 901 2013 12316 10383 7184 4111 
5 12 6930 3980 3914 9805 914 11767 3884 9914 9780 3896 9849 6940 
1 6 9096 11176 9296 11367 6176 53 
1 3 3094 6184 3059 
5 3 4163 9994 11969 
5 4 7908 10731 12845 13264 
5 3 4108 7203 5046 
5 11 1151 10028 7030 7188 4143 12004 7011 13297 3996 7164 4076 
1 3 5074 10752 10840 
1 3 10760 4993 7960 
1 2 11984 7193 
1 3 9783 9919 9902 
2 6 9919 6967 6814 6952 6982 3937 
5 9 9783 649 9612 9610 3796 3952 3971 2010 949 
1 6 3645 6652 3630 11754 965 11868 
2 5 6727 3701 687 9635 657 
2 4 3701 3704 3724 3707 
2 5 3670 9624 11610 9643 6670 
1 4 6720 686 11627 3670 
5 10 11666 9527 11525 9569 9421 6418 3585 9471 6559 514 
5 9 9665 732 5283 9541 9569 11542 6440 11432 6559 
3 6 11542 9414 11401 469 573 514 
2 3 11445 13116 482 
2 5 775 3779 6796 3777 6794 
2 5 9504 533 9516 6544 9565 
1 7 1591 4224 1825 10408 10530 10488 1459 
1 4 7199 1053 9942 9970 
5 6 7137 10050 4028 1597 7095 10404 
1 4 1010 4325 10763 4504 
1 4 6999 7240 4925 12141 
1 7 7329 12199 4355 7399 12271 4367 4424 
3 11 1648 4652 7673 12302 7327 12181 12343 12212 1373 4381 12268 
1 5 2003 5047 5091 13259 12766 
5 5 7925 12826 12796 4963 8105 
5 2 10907 11954 
1 4 5074 12821 2029 13079 
1 5 13079 2059 2018 5049 10760 
5 5 10803 10762 5070 8008 4957 
1 7 5070 8065 7983 8071 10836 2001 12762 
1 4 1969 1891 12817 12762 
1 3 12817 12731 10919 
2 3 6039 2080 3109 
5 5 6039 10831 8034 12900 2050 
1 4 4972 5028 8109 11194 
2 7 10951 1950 12847 1181 9962 2220 8144 
5 7 10857 12719 11934 2073 10951 7219 12775 
1 2 3109 2192 
5 7 12775 8016 1731 1929 1817 191 12504 
2 4 11349 6303 11384 335 
2 3 335 274 11300 
2 5 11300 382 3308 11347 6262 
2 4 6262 6333 9313 3356 
1 5 3356 11248 11314 283 214 
1 5 121 6101 3077 3143 150 
2 6 150 85 3176 11315 9343 11349 
1 4 150 11084 9177 9111 
1 8 9131 3175 11095 9110 11086 9113 3166 6193 
1 8 9420 11433 566 11537 9549 6574 3490 9447 
1 6 9549 11473 6491 11524 9469 464 
1 6 6574 9473 11458 9337 9391 9243 
1 8 11356 9259 325 3361 9270 9172 112 3066 
1 6 6124 9146 9192 3041 9145 6121 
1 8 12491 7635 10348 13207 12474 10262 13008 11591 
1 8 13207 12454 10395 1479 4488 1532 1554 7501 
1 4 4488 7486 4638 7600 
1 17 10312 12115 1276 7383 10268 12111 10179 4389 1402 1239 7332 4764 10680 10550 7795 10547 1591 
1 7 4227 7337 10277 10220 12121 12194 12111 
1 8 12111 1223 10239 10308 10633 1309 1800 10696 
2 10 10680 7784 12635 4867 7890 10531 4800 7822 1369 12631 
1 7 99 9225 1295 10579 9121 11182 11119 
1 6 4802 7824 1744 4774 3169 1684 
1 4 11119 12502 3169 1684 
1 7 7846 4824 4813 10720 1841 1771 7824 
1 8 3169 7768 10620 7867 1659 7833 12390 3472 
1 4 7833 1768 7685 12542 
1 6 12542 10529 1765 4840 10555 1860 
1 6 1684 9142 7738 12517 1757 10561 
1 9 10561 7882 1679 10705 1780 12595 1777 7744 12621 
1 5 12542 1726 1856 10663 10561 
1 11 12189 7266 1397 1325 1267 4404 7309 4841 7868 1742 1755 
1 4 10638 10567 7873 7832 
1 9 11886 6898 934 6852 4514 3877 1638 1499 4561 
1 6 7674 12348 10363 10429 12478 4514 
1 5 10429 12469 7812 1502 10638 
5 7 4801 7752 7749 10575 4873 12629 1743 
5 3 4801 10554 4766 
5 6 10683 12665 7823 10578 10647 4873 
1 9 12543 4832 10681 4762 1761 12506 12575 4737 7828 
2 5 12540 7838 12647 10596 7828 
1 8 7828 7902 7769 1803 7876 10570 4853 7744 
1 8 10633 7317 10630 7708 12613 11410 7680 7890 
2 6 10678 1730 12591 1772 10598 4810 
1 6 7786 12641 7751 7736 4835 12506 
1 6 1772 7871 1842 7616 4246 12261 
2 5 11230 11383 371 343 288 
2 5 288 6330 6254 6304 9260 
1 9 81 11168 11103 11036 89 138 26 3086 3092 
1 6 11103 6034 6075 9187 9130 3065 
1 13 192 3034 3132 9126 6214 173 6111 3126 6187 6173 9132 6038 9139 
3 10 11081 30 9223 6137 9112 3107 3158 6183 11142 9140 
3 7 11125 124 9189 6076 2992 6142 3158 
2 10 192 3145 6130 3058 3082 6107 128 11169 167 2992 
1 4 1887 6115 11078 9157 
5 4 11846 12306 5056 11751 
1 2 5121 9340 
1 2 5121 12954 
5 7 5169 9240 9317 11291 6381 496 3152 
5 6 514 478 9428 2224 5192 8194 
5 5 5192 11001 10964 3499 3522 
5 9 5192 8225 5228 11505 9496 3473 444 3532 6558 
5 7 5228 5191 11415 3572 6595 552 9570 
5 4 6462 11558 9546 493 
3 4 6334 6309 9387 388 
4 5 11001 12928 375 11219 9294 
2 3 6389 317 11366 
3 7 11548 575 6446 6560 6598 3262 9498 
3 3 11420 6585 9534 
1 2 3549 6569 
1 2 3495 503 
2 9 9599 797 11741 11899 11572 6983 6619 6614 3601 
5 7 3882 9874 6940 3939 3956 9599 11586 
1 4 6889 9894 11872 11899 
1 5 3882 907 935 5094 949 
5 4 9612 6658 9617 3663 
1 3 9783 11597 657 
1 2 6727 11670 
1 2 9249 9288 
1 3 3757 9435 476 
5 6 310 341 222 319 415 11202 
1 3 3384 281 3288 
1 2 6375 9290 
1 2 6321 3230 
5 5 3581 6604 3434 9468 11479 
5 3 6711 3694 676 
1 2 6695 3639 
3 3 68 3211 9498 
1 3 11563 485 11420 
3 9 9578 6599 7660 10484 11535 3523 527 9495 11465 
5 13 4076 13307 4145 13304 1071 13303 13302 13301 13300 10073 13293 13289 13314 
5 6 13314 13275 13316 13318 11951 1060 
5 6 13078 7206 4060 5078 12033 13300 
5 8 1127 7063 12079 1186 13288 13078 1130 1140 
5 4 10907 11954 4120 7063 
5 2 7076 1060 
5 10 11969 10091 7162 11921 10026 7005 11957 12039 1189 1149 
5 13 13315 10747 12872 12939 13311 12082 12917 13308 12022 7985 10754 13174 7076 
5 8 11954 10123 12094 4151 1204 7082 9992 1130 
5 5 10074 7147 1009 4014 12099 
5 16 6380 11282 3358 11250 3215 11315 2999 187 9111 6086 6035 6095 9164 11068 12920 8161 
5 4 4640 126 3120 181 
5 3 10987 8195 12928 
5 5 3458 6511 8217 5304 2179 
5 3 2179 11492 548 
5 4 2179 3544 6521 8217 
5 5 5191 12914 2224 8253 10964 
1 2 407 377 
1 2 9484 3369 
1 2 2161 11474 
5 4 9290 9316 11274 11301 
1 2 11274 402 
2 4 3724 6706 11636 6677 
2 4 453 9463 511 11504 
5 11 9417 11403 3464 6490 6503 9474 6527 8176 11005 11474 11484 
5 3 7985 8240 10996 
5 4 13134 1198 13268 10754 
5 6 1149 4194 7066 9980 1118 4176 
5 4 12872 5000 4051 1189 
5 4 7005 12000 4992 13262 
5 10 1127 1198 4057 12088 10117 10046 4047 7194 2079 4176 
5 5 12872 13313 12973 8211 4176 
2 5 4962 1994 5188 12866 10996 
5 3 4108 1989 8046 
5 6 2049 1126 4018 7040 4146 1145 
5 3 12018 13074 4018 
5 5 4018 9960 7149 10059 9976 
5 4 10026 11935 1141 9943 
5 7 12790 12512 10245 13334 13058 13335 10636 
5 3 13335 13066 12512 
1 7 7982 4959 12832 10797 5089 5005 2089 
1 3 7477 1593 12359 
1 5 12753 1900 12867 4904 4965 
1 2 10889 12810 
1 2 11050 6130 
2 7 128 76 9089 11104 9064 11063 11034 
1 3 9064 6092 9116 
1 7 11037 6136 3093 9216 3096 21 3022 
1 5 6184 100 3129 137 53 
2 4 394 6235 6364 3277 
2 5 6287 6393 3260 3325 3277 
1 4 11965 4178 7096 3988 
1 5 3988 7211 4193 1173 11965 
1 6 11524 11552 576 11480 9528 7370 
1 6 11524 3515 11482 9513 3538 545 
5 5 716 3731 6751 6573 3581 
3 4 6535 11388 247 11264 
5 2 1189 12994 
2 3 4206 1086 7176 
1 3 7176 4017 4591 
3 4 11562 6500 6496 3262 
5 4 4696 1833 7576 1468 
5 10 495 6469 587 9522 11562 11519 3516 13081 9472 13011 
1 2 6537 11519 
2 2 9239 6221 
5 5 6282 3207 11505 8194 10987 
5 6 6593 441 3543 12978 12982 525 
2 2 13011 551 
3 2 650 2169 
3 10 13326 4170 13325 13329 13328 1164 13331 13332 13330 12058 
2 4 8016 10858 10766 1181 
5 5 11818 3936 6990 9818 3937 
2 3 900 3830 3900 
1 5 11342 233 358 6371 9241 
1 5 6546 11528 3256 6306 3309 
1 5 386 360 3759 11341 3309 
1 6 6222 3525 6322 3296 3319 9262 
1 4 7329 1279 12131 7236 
1 8 10237 7355 5176 2184 8221 12955 10282 1316 
1 4 5176 7299 4236 10325 
1 7 10325 1404 7415 12243 4338 1335 7371 
1 4 1208 1230 4335 12955 
1 5 10263 1589 10464 12330 7336 
3 10 4608 10479 12472 7654 4273 7293 10191 12162 1298 10175 
1 6 12382 1557 12949 2221 10991 8249 
1 2 2221 10941 
3 12 10983 7608 7579 1498 5170 10950 12993 2201 10958 10937 12311 1478 
3 9 1478 4487 2139 1514 12957 2187 8230 12382 7566 
1 5 2197 7839 4819 12632 1814 
1 8 4329 7349 4346 7333 7305 10974 4418 12237 
1 5 4329 4289 12135 1242 1222 
1 4 12371 10423 12400 12240 
1 4 12371 7529 10396 4552 
1 18 4241 7445 12245 12160 12188 1293 4269 1224 4373 1340 1311 4228 12279 1372 10306 12236 1221 10265 
1 4 10265 7323 10165 1415 
1 9 7323 1288 1388 4233 7439 10252 4214 10298 12213 
1 3 11932 8160 12997 
1 8 12006 7178 10092 7046 7197 12028 9965 7072 
1 3 10065 7171 10083 
5 5 4619 1036 1628 7653 3992 
5 10 3992 4038 4185 1153 10044 11937 7104 4173 10101 7191 
1 2 10101 7120 
1 6 1047 11941 7210 7128 7168 7095 
1 4 10335 1474 9939 4325 
5 7 10050 11926 10004 7093 1157 4119 1185 
1 6 11926 1018 4023 7135 4160 1070 
1 2 4023 11981 
1 7 4023 10105 1131 1087 1187 7152 1047 
5 5 10517 7665 10335 4480 10404 
1 4 10763 11972 12705 6999 
1 7 7240 8026 12767 7256 2091 4167 7418 
1 9 7418 10144 7948 7596 1612 12086 7434 7101 10517 
1 5 7406 4256 1976 12156 8049 
1 5 1597 4134 12436 4532 4504 
1 5 4532 1884 7606 12282 7446 
1 7 12319 12392 12433 4568 1990 10371 1488 
1 8 1403 12125 7295 1315 1385 12292 1296 12220 
1 5 1427 7367 4319 10193 12125 
1 8 4454 7534 7163 4541 7190 4019 4059 1333 
1 2 10246 8067 
1 3 7244 1412 10208 
1 5 572 474 3496 9520 11528 
1 4 3335 6411 9384 9355 
1 5 10818 4909 1905 13249 5068 
2 6 10962 5079 13237 8019 13243 5010 
1 5 11064 3159 6104 6046 9075 
1 2 3549 6547 
3 3 3579 9550 527 
2 3 3579 11521 10484 
5 6 6862 6875 11833 6946 6973 6788 
5 6 9909 3959 3961 956 11875 11834 
5 4 9909 11891 3772 6788 
5 2 958 11875 
2 4 9734 11718 6773 3754 
2 11 5028 4997 7963 2081 4897 4978 1473 5060 10739 8084 2016 
2 4 4161 10002 12073 10099 
1 4 9780 9809 9821 6889 
1 2 9862 6814 
2 5 9606 646 6682 6697 3696 
1 4 7482 11222 11302 9485 
1 3 3674 3675 688 
1 5 9655 6680 6678 9633 11618 
1 2 10060 10428 
1 4 12114 10511 7619 4883 
1 3 10296 4365 4321 
1 2 12307 1538 
5 2 4159 4014 
2 4 12866 7136 4047 2023 
2 6 10976 10761 12927 8133 2066 13237 
2 3 8133 13238 13241 
1 5 8124 4985 8043 13258 12766 
5 3 3579 12798 7991 
3 2 11732 9490 
1 2 3493 512 
1 7 3576 9536 11606 3402 9561 2182 5202 
1 2 3576 9536 
1 2 698 678 
2 2 1151 12044 
2 3 13300 11967 1057 
2 7 13314 13287 7148 12764 13285 13280 8030 
1 5 3996 13292 4055 10031 7144 
1 7 1071 13294 12740 12091 1068 1143 13280 
1 3 10031 13279 8030 
1 2 12847 6027 
